TG-43 Brachytherapy Source Data
-------------------------------
Version: 1
Reference: https://physics.carleton.ca/clrp/seed_database/Ir192_HDR/microSelectron_v1
Type: HDR
Nuclide: Ir-192
Vendor: Nucletron
Model: microSelectron-v1 (classic)
Dose Rate Constant: 1.117
Source Length (cm): 0.35

Radial Dose Function
--------------------
0.20,0.986,0.818
0.25,0.988,0.871
0.30,0.988,0.904
0.40,0.991,0.943
0.50,0.991,0.963
0.60,0.993,0.976
0.70,0.992,0.982
0.75,0.995,0.987
0.80,0.995,0.990
0.90,0.993,0.991
1.00,1.000,1.000
1.25,0.997,1.001
1.50,0.998,1.003
1.75,1.000,1.007
2.00,1.002,1.009
2.50,1.001,1.009
3.00,1.002,1.011
3.50,1.003,1.012
4.00,1.002,1.012
4.50,1.000,1.009
5.00,0.997,1.006
6.00,0.990,1.000
7.00,0.980,0.990
8.00,0.966,0.976
9.00,0.952,0.961
10.00,0.937,0.946
11.00,0.917,0.926
12.00,0.896,0.905
13.00,0.872,0.881
14.00,0.847,0.856
15.00,0.821,0.830
16.00,0.797,0.805
17.00,0.768,0.776
18.00,0.739,0.746
19.00,0.710,0.717
20.00,0.683,0.690
end radial dose function data

Anisotropy Function
-------------------
0,0.25,0.50,1.00,2.00,3.00,4.00,5.00,7.50,10.00,12.50,15.00,20.00
0,-,0.664,0.626,0.634,0.655,0.677,0.697,0.743,0.776,0.800,0.819,0.847
1,-,0.663,0.624,0.638,0.661,0.683,0.704,0.746,0.779,0.804,0.822,0.850
2,-,0.663,0.625,0.646,0.669,0.691,0.713,0.754,0.784,0.807,0.827,0.850
3,-,0.664,0.636,0.656,0.681,0.701,0.722,0.762,0.791,0.813,0.832,0.854
5,-,0.675,0.658,0.679,0.701,0.719,0.738,0.775,0.799,0.821,0.839,0.859
7,-,0.697,0.684,0.702,0.724,0.740,0.759,0.790,0.814,0.832,0.848,0.868
10,-,0.733,0.722,0.739,0.759,0.773,0.789,0.816,0.835,0.850,0.863,0.879
12,-,0.757,0.748,0.764,0.780,0.792,0.807,0.830,0.848,0.861,0.874,0.887
15,-,0.793,0.783,0.796,0.811,0.821,0.832,0.851,0.865,0.877,0.887,0.897
20,-,0.842,0.836,0.844,0.855,0.862,0.871,0.884,0.894,0.901,0.908,0.918
25,-,0.880,0.871,0.879,0.888,0.891,0.897,0.908,0.915,0.920,0.926,0.933
30,-,0.906,0.898,0.905,0.912,0.915,0.918,0.928,0.930,0.935,0.940,0.941
35,-,0.928,0.921,0.927,0.932,0.936,0.940,0.945,0.947,0.948,0.955,0.955
40,-,0.947,0.936,0.943,0.948,0.948,0.953,0.955,0.956,0.959,0.962,0.964
45,-,0.959,0.953,0.958,0.962,0.962,0.966,0.968,0.968,0.967,0.971,0.970
50,-,0.969,0.965,0.968,0.971,0.972,0.975,0.977,0.975,0.976,0.978,0.976
55,0.984,0.976,0.971,0.977,0.980,0.979,0.980,0.982,0.983,0.983,0.985,0.980
60,0.988,0.983,0.978,0.984,0.988,0.988,0.989,0.989,0.989,0.987,0.989,0.988
65,0.992,0.988,0.986,0.989,0.991,0.989,0.993,0.996,0.993,0.991,0.991,0.993
70,0.995,0.994,0.991,0.993,0.996,0.994,0.995,0.997,0.995,0.994,0.996,0.996
75,0.997,0.995,0.993,0.996,0.997,0.996,0.997,0.999,0.996,0.996,0.997,0.999
80,0.998,1.000,0.995,0.999,1.000,0.999,1.003,1.000,0.999,0.999,0.999,0.998
85,0.999,1.000,0.995,0.998,0.999,1.001,1.003,1.002,1.000,0.999,1.000,0.999
90,1.000,1.000,1.000,1.000,1.000,1.000,1.000,1.000,1.000,1.000,1.000,1.000
95,0.999,1.000,0.994,0.999,1.003,1.001,1.002,1.001,1.001,0.999,1.000,0.998
100,0.999,0.998,0.993,0.998,1.000,1.001,1.002,0.999,0.999,0.997,0.999,0.995
105,0.998,0.996,0.991,0.996,0.999,0.999,1.001,1.000,0.999,0.999,0.997,0.998
110,0.995,0.993,0.990,0.993,0.994,0.993,0.993,0.994,0.993,0.994,0.994,0.994
115,0.993,0.990,0.985,0.988,0.991,0.992,0.993,0.992,0.991,0.991,0.992,0.991
120,0.989,0.986,0.979,0.983,0.983,0.984,0.988,0.988,0.986,0.987,0.989,0.984
125,0.984,0.978,0.973,0.978,0.981,0.981,0.983,0.983,0.984,0.982,0.984,0.985
130,-,0.969,0.967,0.969,0.972,0.971,0.975,0.975,0.975,0.975,0.977,0.977
135,-,0.959,0.954,0.958,0.963,0.962,0.964,0.965,0.965,0.967,0.969,0.971
140,-,0.946,0.939,0.945,0.948,0.950,0.954,0.956,0.958,0.958,0.961,0.961
145,-,0.930,0.922,0.927,0.932,0.934,0.937,0.942,0.946,0.947,0.951,0.950
150,-,0.908,0.898,0.904,0.911,0.913,0.920,0.926,0.931,0.935,0.938,0.942
155,-,0.878,0.867,0.875,0.883,0.887,0.894,0.902,0.908,0.916,0.922,0.926
160,-,-,0.827,0.836,0.846,0.853,0.863,0.875,0.886,0.894,0.903,0.910
165,-,-,0.767,0.780,0.795,0.806,0.816,0.839,0.854,0.866,0.878,0.890
168,-,-,0.720,0.736,0.755,0.769,0.785,0.811,0.832,0.846,0.859,0.877
170,-,-,0.678,0.701,0.723,0.740,0.757,0.789,0.810,0.829,0.846,0.863
173,-,-,0.614,0.643,0.670,0.690,0.712,0.753,0.782,0.804,0.823,0.847
175,-,-,0.578,0.609,0.638,0.660,0.684,0.731,0.762,0.788,0.810,0.837
177,-,-,0.558,0.586,0.616,0.642,0.666,0.714,0.750,0.777,0.799,0.828
178,-,-,0.550,0.576,0.606,0.632,0.659,0.707,0.744,0.772,0.796,0.823
179,-,-,0.550,0.570,0.597,0.624,0.649,0.700,0.739,0.768,0.793,0.823
180,-,-,0.548,0.567,0.595,0.621,0.647,0.700,0.738,0.767,0.791,0.820
point,0.633,1.007,0.964,0.960,0.963,0.963,0.967,0.969,0.970,0.971,0.973,0.974
end anisotropy function data
