TG-43 Brachytherapy Source Data for Nucletron microSelectron-v2 HDR Ir-192

Dose Rate Constant: 1.109
Source Length (cm): 0.35

Radial Dose Function
--------------------
0,1.27562
0.06,1.27562
0.08,1.19898
0.1,1.10978
0.15,1.01834
0.2,1.0006
0.25,0.99471
0.5,0.9967
0.75,0.99833
1,1
1.5,1.00277
2,1.00501
3,1.00752
4,1.00674
5,1.00261
6,0.99552
8,0.9724
10,0.93894
end radial dose function data

2D Anisotropy Factor
--------------------
0,0.06,0.08,0.1,0.15,0.2,0.25,0.3,0.35,0.4,0.75,1,1.5,2,3,4,5,6,8,10
0,0.951308,0.951308,0.934064,0.91682,0.87371,0.8306,0.78749,0.74438,0.71369,0.69163,0.61933,0.61047,0.61373,0.62537,0.65045,0.68894,0.71074,0.73274,0.76757,0.79785
2,0.947424,0.947424,0.930472,0.91352,0.87114,0.82876,0.78638,0.744,0.71364,0.6927,0.639,0.63429,0.64014,0.65139,0.67485,0.70435,0.7246,0.74368,0.77497,0.80072
4,0.943502,0.943502,0.926846,0.91019,0.86855,0.82691,0.78527,0.74363,0.71358,0.69378,0.65866,0.65811,0.66656,0.6774,0.69925,0.71976,0.73847,0.75462,0.78237,0.80358
6,1.058758,1.058758,1.033334,1.00791,0.94435,0.88079,0.81723,0.75367,0.72115,0.7069,0.68406,0.68465,0.69252,0.70256,0.72214,0.74067,0.75747,0.77181,0.79598,0.81581
8,0.998992,0.998992,0.980056,0.96112,0.91378,0.86644,0.8191,0.77176,0.74441,0.73,0.71049,0.7115,0.71936,0.7286,0.74628,0.76256,0.77684,0.7902,0.81242,0.83002
10,1.00711,1.00711,0.98923,0.97135,0.92665,0.88195,0.83725,0.79255,0.76597,0.75485,0.7385,0.73934,0.74619,0.75434,0.76994,0.78452,0.7973,0.809,0.82888,0.84384
12,1.00652,1.00652,0.99088,0.97524,0.93614,0.89704,0.85794,0.81884,0.79147,0.7797,0.76527,0.76614,0.7719,0.77887,0.79238,0.80515,0.81594,0.82631,0.84365,0.85677
14,1.157984,1.157984,1.128812,1.09964,1.02671,0.95378,0.88085,0.83005,0.81067,0.80359,0.78962,0.79019,0.79535,0.80148,0.81324,0.82466,0.83485,0.84375,0.85852,0.87055
16,1.269246,1.269246,1.230378,1.19151,1.09434,0.99717,0.9,0.85081,0.83167,0.82485,0.81185,0.81201,0.8163,0.82161,0.83198,0.84161,0.84998,0.85764,0.87063,0.8809
18,1.378444,1.378444,1.329632,1.28082,1.15879,1.03676,0.91473,0.86713,0.84987,0.84375,0.83143,0.8315,0.83546,0.84022,0.8491,0.85723,0.86496,0.87132,0.88243,0.89171
20,1.783652,1.783652,1.677576,1.5715,1.30631,1.04112,0.93297,0.88543,0.86823,0.8606,0.84907,0.84891,0.85197,0.85609,0.86365,0.87107,0.87754,0.88341,0.89323,0.90111
22,1.784334,1.784334,1.679482,1.57463,1.3125,1.05037,0.94173,0.89346,0.88079,0.87528,0.86426,0.86425,0.86717,0.87071,0.87733,0.88375,0.88956,0.89442,0.90324,0.91027
26,1.70382,1.70382,1.6099,1.51598,1.28118,1.04638,0.95344,0.91961,0.90571,0.89967,0.89077,0.89039,0.89236,0.89507,0.89998,0.90463,0.90921,0.91286,0.91968,0.92485
30,1.088914,1.088914,1.119162,1.14941,1.22503,1.04912,0.96146,0.93248,0.92312,0.91929,0.91139,0.91097,0.91259,0.91457,0.91858,0.92236,0.92572,0.92868,0.93374,0.93763
32,1.15728,1.15728,1.1674,1.17752,1.20282,1.03886,0.96631,0.9385,0.93083,0.92728,0.92059,0.92022,0.92139,0.92329,0.92669,0.92983,0.93267,0.93537,0.9399,0.94356
36,1.181312,1.181312,1.175696,1.17008,1.15604,1.02273,0.97115,0.94931,0.94408,0.94145,0.93546,0.93527,0.93596,0.93748,0.94024,0.94281,0.9448,0.94677,0.95,0.95281
40,0.95373,0.95373,1.05299,1.15225,1.10883,1.01575,0.97372,0.96138,0.95526,0.95283,0.948,0.948,0.94881,0.94995,0.95214,0.954,0.95596,0.9575,0.95994,0.96204
50,1.03693,1.03693,1.07056,1.10419,1.0466,0.99887,0.98123,0.97579,0.97425,0.97293,0.97076,0.9703,0.97122,0.97203,0.97299,0.97374,0.97446,0.97518,0.97663,0.9778
60,1.00848,1.00848,1.04116,1.06189,1.01284,0.99771,0.99258,0.98738,0.98586,0.98532,0.98449,0.98477,0.98546,0.98599,0.98637,0.98684,0.9873,0.98761,0.98803,0.98855
70,1.07821,1.07821,1.02268,1.02596,1.00142,0.99717,0.99553,0.99471,0.99424,0.99366,0.99328,0.99361,0.99393,0.99414,0.99462,0.99474,0.9949,0.99491,0.9952,0.99544
80,1.01978,1.01978,1.00523,1.00739,0.99958,1.00188,1.00281,0.99845,0.99846,0.99844,0.99814,0.99792,0.99853,0.99878,0.99887,0.99924,0.99945,0.99961,0.99976,0.99958
90,1,1,1,1,1,1,1,1,1,1,1,1,1,1,1,1,1,1,1,1
100,1.01153,1.01153,1.00234,1.00807,0.99602,0.99544,0.99897,0.99865,0.9985,0.9986,0.99814,0.99819,0.99839,0.9987,0.99911,0.99922,0.99948,0.99949,0.99942,0.99942
110,1.06866,1.06866,1.02915,1.0247,1.00632,0.99442,0.99578,0.99494,0.99428,0.99386,0.99359,0.99389,0.99439,0.99453,0.99455,0.99492,0.99505,0.99495,0.99541,0.9953
120,1.00362,1.00362,1.0493,1.06019,1.02036,0.99929,0.992,0.98761,0.98643,0.98594,0.98504,0.98508,0.98544,0.98612,0.98654,0.9869,0.98743,0.98778,0.98802,0.98852
130,1.05561,1.05561,1.08007,1.10453,1.04671,1.00302,0.98549,0.97632,0.97494,0.97387,0.97092,0.97084,0.97116,0.97169,0.97266,0.97389,0.97478,0.97536,0.97652,0.97768
132,1.04259,1.04259,1.07656,1.11053,1.05838,1.00235,0.98169,0.97376,0.97176,0.97039,0.96722,0.96696,0.96775,0.96819,0.96923,0.97043,0.97155,0.97231,0.97396,0.97463
134,1.02149,1.02149,1.07816,1.13483,1.06795,1.00695,0.98196,0.97065,0.9684,0.96663,0.96316,0.96277,0.96348,0.96426,0.96549,0.96671,0.96805,0.96897,0.97048,0.97161
136,1.0108,1.0108,1.07458,1.13836,1.07601,1.01378,0.97945,0.96684,0.96443,0.9626,0.9585,0.95845,0.95881,0.95966,0.96103,0.96239,0.96392,0.96474,0.9668,0.96847
138,1.07979,1.07979,1.11276,1.14573,1.09799,1.01618,0.97729,0.9632,0.9605,0.95836,0.95355,0.95296,0.95388,0.95459,0.95643,0.95792,0.95966,0.9609,0.96288,0.96489
140,0.98342,0.98342,1.06827,1.15312,1.11335,1.02041,0.98201,0.96125,0.95573,0.95355,0.94787,0.94747,0.94831,0.94919,0.95123,0.95327,0.95498,0.95655,0.95883,0.96076
144,1.183556,1.183556,1.176268,1.16898,1.15076,1.03283,0.97756,0.95098,0.94492,0.94221,0.93566,0.93502,0.93558,0.93688,0.93952,0.94205,0.94422,0.94638,0.94937,0.95199
148,1.140494,1.140494,1.154542,1.16859,1.20371,1.03135,0.97555,0.94233,0.93156,0.92779,0.91943,0.91929,0.92032,0.92164,0.92524,0.92852,0.93137,0.93426,0.93827,0.94199
150,1.098804,1.098804,1.128452,1.1581,1.23222,1.05171,0.96716,0.92968,0.92306,0.91953,0.91058,0.90995,0.91172,0.91285,0.91677,0.9205,0.92385,0.92678,0.93205,0.93601
154,1.631016,1.631016,1.554088,1.47716,1.28484,1.09252,0.95916,0.91371,0.90351,0.89923,0.88867,0.88834,0.89,0.89316,0.89754,0.90263,0.90718,0.91126,0.91771,0.92317
158,1.725362,1.725362,1.636186,1.54701,1.32407,1.10113,0.94729,0.8963,0.87879,0.87331,0.86142,0.86112,0.86362,0.86704,0.87348,0.88039,0.88635,0.89143,0.9001,0.90707
160,1.741162,1.741162,1.649486,1.55781,1.32862,1.09943,0.93709,0.87994,0.86313,0.85766,0.8451,0.84489,0.84773,0.8516,0.85978,0.86682,0.87386,0.87943,0.8898,0.89799
162,1.515344,1.515344,1.451992,1.38864,1.23026,1.07188,0.9135,0.86243,0.84614,0.84029,0.82694,0.82636,0.82999,0.83459,0.84436,0.8521,0.85958,0.86654,0.87813,0.88695
164,1.381752,1.381752,1.330836,1.27992,1.15263,1.02534,0.89805,0.8429,0.8264,0.82014,0.80558,0.80546,0.80953,0.81482,0.82544,0.83521,0.84422,0.85192,0.86551,0.87602
166,1.96124,1.96124,1.84528,1.72932,1.43942,1.14952,0.85962,0.81933,0.80421,0.79682,0.7808,0.78063,0.78595,0.79226,0.80444,0.81571,0.82609,0.83508,0.85091,0.86312
168,1.03629,1.03629,1.01613,0.99597,0.94557,0.89517,0.84477,0.79437,0.77944,0.77042,0.75322,0.75365,0.75957,0.76689,0.78155,0.79426,0.80599,0.81642,0.8346,0.84897
170,0.894088,0.894088,0.884264,0.87444,0.84988,0.82532,0.80076,0.7762,0.75164,0.74135,0.72135,0.72203,0.72865,0.73745,0.75418,0.76947,0.78336,0.79564,0.81652,0.83388
172,0.879972,0.879972,0.870036,0.8601,0.83526,0.81042,0.78558,0.76074,0.7359,0.71106,0.6855,0.68615,0.69475,0.70488,0.7246,0.74171,0.75779,0.77213,0.79624,0.81528
174,0.6262292,0.6262292,0.6266456,0.627062,0.628103,0.629144,0.630185,0.631226,0.632267,0.633308,0.640595,0.6458,0.65621,0.66867,0.69203,0.71147,0.73011,0.74652,0.77435,0.7965
176,0.574808,0.574808,0.575384,0.57596,0.5774,0.57884,0.58028,0.58172,0.58316,0.5846,0.59468,0.60188,0.61628,0.63043,0.65825,0.67795,0.69872,0.71787,0.74907,0.77341
178,0.5361024,0.5361024,0.5366832,0.537264,0.538716,0.540168,0.54162,0.543072,0.544524,0.545976,0.55614,0.5634,0.57792,0.59451,0.62487,0.63775,0.65971,0.68189,0.71726,0.74559
180,0.4974444,0.4974444,0.4980292,0.498614,0.500076,0.501538,0.503,0.504462,0.505924,0.507386,0.51762,0.52493,0.53955,0.55858,0.59149,0.59755,0.62071,0.64591,0.68546,0.71776
end 2d anisotropy factor data
