Linac Corrections-Based Beam Data for tg-71-6mv

Calibration Data
----------------
k: 0.8 cGy/MU
d_0: 10 cm
SSD_0: 90 cm
SSD_PDD: 100 cm

Scatter Factors
---------------
r   S_c   S_p
4.0 0.957 0.905
5.0 0.968 0.925
6.0 0.977 0.944
8.0 0.990 0.974
10.0 1.000 1.000
12.0 1.008 1.020
14.0 1.014 1.037
16.0 1.018 1.051
20.0 1.024 1.076
24.0 1.029 1.096
28.0 1.034 1.111
32.0 1.040 1.123
40.0 1.048 1.139
end scatter factors

PDD Table
---------
3 4 5 6 7 8 9 10 11 12 13 14 15 16 17 18 19 20 21 22 24 26 28 30 32 34 36 38 40
1.5 164.5 161.8 158.6 155.8 154.0 152.6 151.3 150.1 149.0 148.1 147.4 146.8 146.2 145.6 145.0 144.4 143.9 143.4 143.0 142.5 141.8 141.2 140.8 140.4 140.0 139.6 139.3 139.0 138.7
2.0 162.0 159.3 156.6 153.7 151.8 150.5 149.2 148.1 146.9 145.9 145.2 144.7 144.2 143.6 143.0 142.4 141.8 141.3 140.8 140.4 139.7 139.2 138.8 138.5 138.1 137.8 137.5 137.1 136.8
2.5 157.7 155.3 152.6 150.7 148.9 147.3 146.0 144.9 143.9 143.1 142.4 141.8 141.2 140.6 140.1 139.6 139.1 138.7 138.3 137.8 137.1 136.6 136.3 136.0 135.7 135.4 135.1 134.8 134.5
3.0 153.3 151.1 148.9 146.6 145.1 143.9 142.7 141.6 140.7 139.9 139.3 138.8 138.3 137.8 137.3 136.9 136.4 136.0 135.6 135.2 134.6 134.1 133.6 133.3 133.0 132.7 132.5 132.3 132.1
3.5 148.6 147.0 145.1 143.1 141.8 140.7 139.5 138.4 137.5 136.8 136.3 135.9 135.5 135.0 134.5 134.1 133.6 133.2 132.8 132.5 131.9 131.5 131.2 130.9 130.6 130.4 130.1 129.9 129.7
4.0 144.6 142.9 141.5 139.3 138.0 137.2 136.3 135.4 134.7 134.0 133.5 133.0 132.6 132.2 131.8 131.4 131.0 130.7 130.4 130.1 129.5 129.1 128.8 128.5 128.2 128.0 127.8 127.6 127.5
4.5 140.4 139.0 137.7 135.9 134.8 134.0 133.1 132.3 131.7 131.1 130.6 130.2 129.8 129.4 129.0 128.7 128.3 128.0 127.7 127.4 126.9 126.6 126.3 126.1 125.9 125.6 125.4 125.2 125.0
5.0 136.4 135.3 134.0 132.5 131.5 130.7 130.0 129.3 128.7 128.2 127.8 127.5 127.2 126.8 126.4 126.1 125.7 125.4 125.1 124.9 124.5 124.2 124.0 123.8 123.6 123.4 123.1 122.9 122.6
5.5 132.2 131.5 130.3 129.0 128.2 127.6 126.9 126.3 125.7 125.1 124.8 124.5 124.3 124.0 123.6 123.3 123.0 122.7 122.5 122.3 122.0 121.7 121.5 121.2 121.0 120.8 120.6 120.5 120.4
6.0 128.3 127.7 126.6 125.5 124.9 124.4 123.8 123.2 122.7 122.3 122.0 121.8 121.6 121.3 121.0 120.8 120.5 120.2 120.0 119.7 119.4 119.1 118.9 118.8 118.6 118.5 118.3 118.2 118.0
6.5 124.4 124.0 123.1 122.1 121.6 121.3 120.6 120.0 119.6 119.3 119.1 118.9 118.8 118.6 118.3 118.1 117.8 117.6 117.4 117.2 116.9 116.7 116.5 116.3 116.1 116.0 115.9 115.8 115.7
7.0 120.5 120.3 119.3 118.7 118.3 118.0 117.5 117.0 116.7 116.5 116.2 116.0 115.7 115.5 115.3 115.2 115.0 114.9 114.8 114.6 114.4 114.2 114.1 114.0 113.9 113.8 113.6 113.5 113.4
7.5 116.8 116.8 115.8 115.3 114.9 114.5 114.2 113.9 113.7 113.5 113.3 113.2 113.0 112.9 112.7 112.6 112.4 112.3 112.1 112.0 111.7 111.5 111.4 111.3 111.2 111.1 111.1 111.0 111.0
8.0 113.4 113.2 112.5 112.1 111.8 111.6 111.2 110.9 110.7 110.5 110.4 110.3 110.3 110.2 110.1 109.9 109.8 109.7 109.6 109.5 109.4 109.2 109.0 108.8 108.7 108.6 108.6 108.6 108.7
8.5 109.6 110.0 109.1 108.9 108.8 108.7 108.4 108.0 107.9 107.8 107.8 107.7 107.7 107.6 107.5 107.4 107.2 107.1 107.0 107.0 106.8 106.8 106.7 106.6 106.5 106.5 106.4 106.4 106.4
9.0 106.1 106.6 106.0 105.8 105.7 105.7 105.5 105.3 105.3 105.3 105.2 105.2 105.1 105.1 105.0 105.0 104.9 104.9 104.8 104.7 104.6 104.5 104.4 104.4 104.4 104.3 104.3 104.2 104.2
9.5 102.9 103.2 102.7 102.9 102.9 102.8 102.6 102.5 102.5 102.6 102.6 102.5 102.5 102.5 102.5 102.4 102.4 102.4 102.4 102.3 102.2 102.2 102.2 102.3 102.3 102.3 102.2 102.2 102.1
10.0 100.0 100.0 100.0 100.0 100.0 100.0 100.0 100.0 100.0 100.0 100.0 100.0 100.0 100.0 100.0 100.0 100.0 100.0 100.0 100.0 100.0 100.0 100.0 100.0 100.0 100.0 100.0 100.0 100.0
10.5 96.9 97.2 97.0 97.2 97.3 97.4 97.4 97.4 97.5 97.6 97.7 97.7 97.7 97.7 97.7 97.7 97.7 97.7 97.7 97.7 97.7 97.7 97.8 97.8 97.8 97.9 97.9 98.0 98.0
11.0 94.0 94.4 94.2 94.4 94.6 94.7 94.8 94.8 94.8 94.9 95.0 95.2 95.3 95.4 95.4 95.5 95.5 95.5 95.5 95.5 95.5 95.5 95.6 95.7 95.8 95.8 95.8 95.8 95.8
11.5 91.1 91.6 91.5 91.7 91.9 92.1 92.2 92.3 92.4 92.6 92.7 92.8 92.9 93.0 93.0 93.1 93.1 93.2 93.3 93.3 93.5 93.5 93.5 93.5 93.5 93.6 93.6 93.7 93.8
12.0 88.4 88.9 88.7 89.0 89.2 89.4 89.6 89.8 90.0 90.2 90.4 90.5 90.6 90.7 90.7 90.7 90.8 90.8 90.9 91.0 91.2 91.3 91.3 91.3 91.3 91.4 91.4 91.5 91.6
12.5 85.5 86.0 85.9 86.3 86.6 86.9 87.0 87.2 87.5 87.8 87.9 88.0 88.0 88.1 88.3 88.4 88.5 88.7 88.8 88.9 89.1 89.2 89.3 89.3 89.3 89.4 89.5 89.5 89.6
13.0 83.4 83.3 83.3 83.7 84.1 84.4 84.5 84.7 85.0 85.4 85.6 85.7 85.8 85.9 86.1 86.2 86.3 86.4 86.5 86.6 86.8 87.0 87.1 87.2 87.3 87.4 87.5 87.5 87.6
13.5 80.4 80.8 80.7 81.3 81.8 82.1 82.3 82.5 82.8 83.1 83.3 83.5 83.7 83.9 84.0 84.1 84.3 84.4 84.6 84.7 85.0 85.1 85.2 85.2 85.3 85.4 85.5 85.6 85.7
14.0 77.8 78.5 78.4 79.0 79.5 79.8 79.9 80.1 80.5 80.9 81.2 81.5 81.7 81.9 82.0 82.2 82.3 82.4 82.5 82.6 82.8 83.0 83.2 83.3 83.4 83.6 83.7 83.8 83.9
14.5 75.4 76.1 76.2 76.7 77.1 77.5 77.8 78.1 78.5 78.9 79.2 79.5 79.7 79.9 80.0 80.2 80.3 80.4 80.5 80.7 80.9 81.1 81.2 81.3 81.4 81.6 81.7 81.8 82.0
15.0 73.3 73.8 74.0 74.5 75.0 75.4 75.6 75.9 76.3 76.8 77.1 77.4 77.6 77.8 78.0 78.2 78.3 78.5 78.7 78.8 79.1 79.3 79.5 79.6 79.7 79.9 80.0 80.1 80.2
16.0 69.1 69.7 69.8 70.6 71.1 71.4 71.6 71.9 72.4 72.9 73.2 73.4 73.6 73.9 74.1 74.3 74.6 74.8 75.0 75.2 75.6 75.8 75.9 76.0 76.1 76.3 76.4 76.6 76.8
17.0 64.9 65.5 65.7 66.4 67.0 67.5 67.8 68.0 68.5 69.0 69.3 69.6 69.9 70.2 70.4 70.7 70.9 71.1 71.3 71.6 71.9 72.2 72.3 72.4 72.5 72.7 72.8 73.0 73.2
18.0 61.1 61.6 61.8 62.6 63.2 63.6 63.9 64.2 64.8 65.4 65.8 66.1 66.3 66.6 66.8 67.0 67.3 67.5 67.8 68.0 68.4 68.7 68.9 69.0 69.2 69.3 69.5 69.7 69.9
19.0 57.5 58.1 58.2 59.0 59.5 59.9 60.3 60.8 61.4 61.9 62.3 62.6 62.9 63.2 63.5 63.7 64.0 64.2 64.5 64.7 65.1 65.4 65.6 65.8 66.0 66.2 66.4 66.6 66.8
20.0 54.1 54.8 55.0 55.8 56.4 56.9 57.2 57.6 58.2 58.8 59.1 59.4 59.6 59.9 60.2 60.5 60.8 61.1 61.4 61.6 62.1 62.4 62.7 62.9 63.1 63.3 63.5 63.7 63.8
21.0 51.2 51.6 51.9 52.8 53.4 53.9 54.2 54.5 55.0 55.6 56.0 56.4 56.7 57.0 57.3 57.5 57.8 58.0 58.3 58.6 59.2 59.5 59.8 59.9 60.1 60.3 60.5 60.7 60.9
22.0 48.2 48.7 48.8 49.9 50.5 50.9 51.2 51.5 52.2 52.9 53.3 53.5 53.7 54.0 54.2 54.5 54.8 55.1 55.4 55.8 56.3 56.7 56.9 57.0 57.2 57.4 57.6 57.8 58.1
23.0 45.4 46.1 46.0 46.9 47.6 48.2 48.4 48.6 49.3 50.0 50.4 50.7 50.9 51.2 51.5 51.7 52.0 52.3 52.6 53.0 53.5 53.9 54.1 54.2 54.4 54.6 54.9 55.1 55.4
24.0 42.8 43.5 43.4 44.2 44.9 45.4 45.7 46.0 46.6 47.3 47.7 48.0 48.2 48.5 48.8 49.1 49.4 49.7 50.0 50.4 50.9 51.3 51.5 51.6 51.8 52.0 52.2 52.4 52.7
25.0 40.3 41.1 41.0 42.0 42.6 43.0 43.2 43.5 44.2 44.9 45.3 45.6 45.8 46.1 46.4 46.7 47.0 47.3 47.7 48.0 48.6 49.0 49.1 49.2 49.4 49.6 49.8 50.1 50.4
end pdd table

TPR Table
---------
4 5 6 7 8 9 10 11 12 13 14 15 16 17 18 19 20 21 22 24 26 28 30 32 34 36 38 40
1.5 1.390 1.364 1.340 1.323 1.313 1.302 1.291 1.281 1.273 1.267 1.261 1.256 1.251 1.246 1.241 1.237 1.232 1.228 1.224 1.218 1.212 1.207 1.204 1.200 1.196 1.192 1.189 1.186
2.0 1.381 1.360 1.336 1.317 1.307 1.296 1.286 1.275 1.267 1.260 1.255 1.251 1.246 1.241 1.236 1.231 1.226 1.222 1.218 1.211 1.205 1.201 1.199 1.195 1.192 1.188 1.185 1.181
2.5 1.360 1.338 1.321 1.305 1.292 1.281 1.270 1.261 1.254 1.247 1.241 1.237 1.232 1.228 1.223 1.219 1.215 1.211 1.207 1.200 1.194 1.190 1.188 1.185 1.182 1.179 1.176 1.173
3.0 1.335 1.318 1.298 1.283 1.273 1.263 1.253 1.244 1.238 1.232 1.227 1.223 1.219 1.214 1.210 1.206 1.203 1.199 1.195 1.189 1.184 1.179 1.176 1.173 1.170 1.167 1.164 1.162
3.5 1.311 1.296 1.279 1.266 1.257 1.247 1.237 1.228 1.221 1.216 1.212 1.209 1.205 1.201 1.197 1.193 1.189 1.186 1.182 1.177 1.172 1.168 1.166 1.163 1.160 1.157 1.155 1.152
4.0 1.286 1.275 1.258 1.244 1.236 1.229 1.221 1.213 1.208 1.202 1.198 1.194 1.191 1.187 1.184 1.181 1.177 1.174 1.171 1.166 1.161 1.158 1.155 1.152 1.150 1.148 1.145 1.143
4.5 1.263 1.252 1.238 1.226 1.219 1.212 1.204 1.197 1.192 1.188 1.183 1.180 1.177 1.173 1.170 1.167 1.164 1.161 1.158 1.153 1.149 1.146 1.144 1.142 1.139 1.137 1.135 1.132
5.0 1.240 1.230 1.217 1.207 1.200 1.193 1.187 1.181 1.177 1.172 1.169 1.167 1.164 1.161 1.157 1.154 1.151 1.148 1.145 1.141 1.138 1.135 1.133 1.131 1.129 1.127 1.124 1.122
5.5 1.216 1.207 1.196 1.187 1.181 1.176 1.170 1.164 1.159 1.155 1.152 1.150 1.148 1.145 1.142 1.139 1.136 1.134 1.132 1.129 1.126 1.123 1.120 1.118 1.116 1.114 1.112 1.111
6.0 1.192 1.183 1.174 1.166 1.162 1.157 1.152 1.147 1.143 1.139 1.137 1.135 1.133 1.131 1.128 1.126 1.123 1.121 1.118 1.115 1.111 1.109 1.107 1.106 1.104 1.103 1.101 1.099
6.5 1.167 1.161 1.152 1.146 1.143 1.139 1.133 1.127 1.124 1.122 1.120 1.119 1.117 1.115 1.113 1.111 1.109 1.107 1.105 1.102 1.099 1.096 1.094 1.093 1.091 1.090 1.088 1.087
7.0 1.142 1.135 1.129 1.125 1.122 1.118 1.114 1.110 1.107 1.105 1.103 1.100 1.098 1.096 1.094 1.093 1.092 1.091 1.089 1.087 1.085 1.083 1.082 1.081 1.080 1.078 1.077 1.076
7.5 1.119 1.112 1.106 1.102 1.098 1.095 1.092 1.090 1.088 1.086 1.085 1.083 1.082 1.081 1.079 1.078 1.077 1.076 1.074 1.072 1.069 1.067 1.066 1.065 1.064 1.063 1.062 1.062
8.0 1.094 1.089 1.084 1.082 1.079 1.077 1.074 1.071 1.069 1.067 1.066 1.066 1.065 1.065 1.063 1.062 1.061 1.060 1.059 1.058 1.056 1.054 1.052 1.051 1.049 1.048 1.048 1.048
8.5 1.072 1.067 1.062 1.061 1.060 1.058 1.055 1.052 1.051 1.050 1.050 1.050 1.049 1.049 1.048 1.047 1.045 1.044 1.043 1.042 1.041 1.040 1.039 1.038 1.038 1.037 1.037 1.036
9.0 1.047 1.045 1.041 1.040 1.039 1.038 1.037 1.035 1.035 1.035 1.034 1.034 1.033 1.033 1.032 1.032 1.032 1.031 1.031 1.029 1.028 1.027 1.026 1.026 1.026 1.025 1.025 1.024
9.5 1.023 1.020 1.019 1.020 1.020 1.019 1.017 1.016 1.017 1.017 1.017 1.017 1.016 1.016 1.016 1.016 1.016 1.015 1.015 1.014 1.014 1.013 1.013 1.014 1.014 1.014 1.014 1.013
10.0 1.000 1.000 1.000 1.000 1.000 1.000 1.000 1.000 1.000 1.000 1.000 1.000 1.000 1.000 1.000 1.000 1.000 1.000 1.000 1.000 1.000 1.000 1.000 1.000 1.000 1.000 1.000 1.000
10.5 0.980 0.979 0.979 0.981 0.982 0.982 0.982 0.982 0.983 0.984 0.985 0.985 0.985 0.985 0.986 0.986 0.986 0.986 0.985 0.985 0.985 0.986 0.986 0.986 0.987 0.987 0.988 0.988
11.0 0.960 0.959 0.959 0.961 0.962 0.963 0.964 0.964 0.965 0.965 0.966 0.967 0.969 0.970 0.970 0.971 0.971 0.971 0.972 0.972 0.972 0.972 0.973 0.973 0.974 0.975 0.975 0.975
11.5 0.939 0.940 0.939 0.941 0.943 0.945 0.946 0.947 0.948 0.950 0.951 0.952 0.953 0.953 0.954 0.955 0.955 0.956 0.956 0.957 0.959 0.960 0.960 0.960 0.960 0.960 0.961 0.961
12.0 0.919 0.919 0.918 0.921 0.923 0.925 0.927 0.929 0.931 0.933 0.934 0.936 0.937 0.938 0.938 0.938 0.939 0.939 0.940 0.941 0.943 0.945 0.945 0.945 0.945 0.946 0.946 0.947
12.5 0.896 0.897 0.897 0.901 0.904 0.906 0.908 0.909 0.912 0.915 0.917 0.918 0.918 0.918 0.920 0.921 0.922 0.924 0.925 0.927 0.929 0.931 0.932 0.932 0.933 0.933 0.934 0.935
13.0 0.877 0.876 0.877 0.882 0.885 0.888 0.889 0.891 0.893 0.897 0.900 0.901 0.902 0.903 0.904 0.905 0.906 0.908 0.909 0.911 0.913 0.915 0.916 0.917 0.918 0.920 0.921 0.922
13.5 0.856 0.857 0.858 0.863 0.868 0.870 0.873 0.875 0.877 0.880 0.883 0.885 0.887 0.888 0.890 0.891 0.892 0.894 0.895 0.898 0.901 0.903 0.904 0.905 0.905 0.906 0.907 0.908
14.0 0.838 0.840 0.840 0.846 0.850 0.853 0.855 0.856 0.859 0.863 0.867 0.870 0.872 0.874 0.876 0.877 0.879 0.880 0.881 0.883 0.885 0.887 0.889 0.891 0.892 0.894 0.895 0.897
14.5 0.818 0.822 0.823 0.828 0.832 0.835 0.838 0.841 0.845 0.848 0.852 0.855 0.857 0.860 0.861 0.863 0.864 0.866 0.867 0.869 0.872 0.874 0.876 0.877 0.878 0.880 0.881 0.883
15.0 0.801 0.804 0.806 0.811 0.815 0.819 0.822 0.824 0.828 0.832 0.836 0.839 0.842 0.844 0.846 0.848 0.849 0.851 0.853 0.856 0.859 0.862 0.864 0.865 0.867 0.868 0.870 0.871
16.0 0.768 0.771 0.773 0.781 0.785 0.788 0.791 0.793 0.797 0.802 0.806 0.809 0.811 0.813 0.815 0.818 0.820 0.822 0.825 0.829 0.833 0.837 0.839 0.840 0.842 0.843 0.845 0.846
17.0 0.733 0.737 0.739 0.746 0.752 0.756 0.760 0.762 0.766 0.770 0.775 0.779 0.782 0.784 0.787 0.789 0.792 0.794 0.796 0.801 0.805 0.809 0.812 0.814 0.815 0.816 0.818 0.820
18.0 0.701 0.704 0.706 0.714 0.720 0.724 0.727 0.731 0.735 0.740 0.746 0.750 0.753 0.756 0.758 0.761 0.763 0.765 0.768 0.773 0.777 0.782 0.786 0.787 0.789 0.791 0.793 0.795
19.0 0.671 0.675 0.675 0.683 0.689 0.693 0.697 0.701 0.706 0.712 0.717 0.722 0.725 0.728 0.730 0.733 0.736 0.739 0.741 0.746 0.751 0.756 0.760 0.762 0.764 0.766 0.769 0.771
20.0 0.642 0.647 0.648 0.656 0.663 0.667 0.672 0.675 0.679 0.685 0.691 0.696 0.698 0.701 0.703 0.706 0.709 0.712 0.715 0.721 0.727 0.732 0.736 0.739 0.742 0.744 0.747 0.749
21.0 0.616 0.619 0.621 0.630 0.637 0.642 0.646 0.649 0.653 0.657 0.663 0.668 0.672 0.676 0.679 0.682 0.685 0.687 0.690 0.695 0.701 0.707 0.713 0.716 0.718 0.720 0.722 0.725
22.0 0.590 0.593 0.593 0.603 0.612 0.616 0.619 0.622 0.626 0.632 0.639 0.645 0.648 0.651 0.653 0.655 0.658 0.661 0.664 0.670 0.677 0.683 0.689 0.692 0.694 0.696 0.698 0.700
23.0 0.565 0.570 0.568 0.575 0.585 0.590 0.595 0.597 0.600 0.605 0.612 0.619 0.623 0.626 0.628 0.631 0.634 0.636 0.639 0.645 0.652 0.659 0.665 0.668 0.670 0.672 0.674 0.676
24.0 0.541 0.546 0.544 0.550 0.559 0.564 0.569 0.572 0.576 0.581 0.588 0.594 0.598 0.601 0.603 0.606 0.609 0.612 0.615 0.622 0.629 0.636 0.642 0.646 0.648 0.650 0.651 0.654
25.0 0.517 0.524 0.522 0.529 0.539 0.543 0.547 0.550 0.553 0.558 0.565 0.572 0.576 0.579 0.582 0.584 0.587 0.591 0.594 0.600 0.607 0.615 0.621 0.626 0.628 0.629 0.630 0.633
end tpr table

OAR Table
---------
0 2 4 6 8 10 15 18
1.5 1.000 1.006 1.022 1.030 1.034 1.043 1.055 1.058
3 1.000 1.011 1.027 1.033 1.040 1.045 1.056 1.058
5 1.000 1.017 1.033 1.041 1.046 1.048 1.058 1.057
8 1.000 1.011 1.030 1.036 1.040 1.043 1.050 1.051
10 1.000 1.006 1.028 1.030 1.031 1.031 1.033 1.032
12 1.000 1.006 1.023 1.028 1.029 1.026 1.026 1.026
15 1.000 1.007 1.016 1.025 1.025 1.018 1.016 1.016
end oar table